10000
20000
30000
40000
50000
60000
70000
80000
90000
01000
11000
21000
31000
41000
51000
61000
71000
81000
91000
02000
12000
22000
32000
42000
52000
62000
72000
82000
92000
03000
13000
23000
33000
43000
53000
63000
73000
83000
93000
04000
14000
24000
34000
44000
54000
64000
74000
84000
94000
05000
15000
25000
35000
45000
55000
65000
75000
85000
95000
06000
16000
26000
36000
46000
56000
66000
76000
86000
96000
07000
17000
27000
37000
47000
57000
67000
77000
87000
97000
08000
18000
28000
38000
48000
58000
68000
78000
88000
98000
09000
19000
29000
39000
49000
59000
69000
79000
89000
99000
00100
10100
20100
30100
40100
50100
60100
70100
80100
90100
01100
11100
21100
31100
41100
51100
61100
71100
81100
91100
02100
12100
22100
32100
42100
52100
62100
72100
82100
92100
03100
13100
23100
33100
43100
53100
63100
73100
83100
93100
04100
14100
24100
34100
44100
54100
64100
74100
84100
94100
05100
15100
25100
35100
45100
55100
65100
75100
85100
95100
06100
16100
26100
36100
46100
56100
66100
76100
86100
96100
07100
17100
27100
37100
47100
57100
67100
77100
87100
97100
08100
18100
28100
38100
48100
58100
68100
78100
88100
98100
09100
19100
29100
39100
49100
59100
69100
79100
89100
99100
00200
10200
20200
30200
40200
50200
60200
70200
80200
90200
01200
11200
21200
31200
41200
51200
61200
71200
81200
91200
02200
12200
22200
32200
42200
52200
62200
72200
82200
92200
03200
13200
23200
33200
43200
53200
63200
73200
83200
93200
04200
14200
24200
34200
44200
54200
64200
74200
84200
94200
05200
15200
25200
35200
45200
55200
65200
75200
85200
95200
06200
16200
26200
36200
46200
56200
66200
76200
86200
96200
07200
17200
27200
37200
47200
57200
67200
77200
87200
97200
08200
18200
28200
38200
48200
58200
68200
78200
88200
98200
09200
19200
29200
39200
49200
59200
69200
79200
89200
99200
00300
10300
20300
30300
40300
50300
60300
70300
80300
90300
01300
11300
21300
31300
41300
51300
61300
71300
81300
91300
02300
12300
22300
32300
42300
52300
62300
72300
82300
92300
03300
13300
23300
33300
43300
53300
63300
73300
83300
93300
04300
14300
24300
34300
44300
54300
64300
74300
84300
94300
05300
15300
25300
35300
45300
55300
65300
75300
85300
95300
06300
16300
26300
36300
46300
56300
66300
76300
86300
96300
07300
17300
27300
37300
47300
57300
67300
77300
87300
97300
08300
18300
28300
38300
48300
58300
68300
78300
88300
98300
09300
19300
29300
39300
49300
59300
69300
79300
89300
99300
00400
10400
20400
30400
40400
50400
60400
70400
80400
90400
01400
11400
21400
31400
41400
51400
61400
71400
81400
91400
02400
12400
22400
32400
42400
52400
62400
72400
82400
92400
03400
13400
23400
33400
43400
53400
63400
73400
83400
93400
04400
14400
24400
34400
44400
54400
64400
74400
84400
94400
05400
15400
25400
35400
45400
55400
65400
75400
85400
95400
06400
16400
26400
36400
46400
56400
66400
76400
86400
96400
07400
17400
27400
37400
47400
57400
67400
77400
87400
97400
08400
18400
28400
38400
48400
58400
68400
78400
88400
98400
09400
19400
29400
39400
49400
59400
69400
79400
89400
99400
00500
10500
20500
30500
40500
50500
60500
70500
80500
90500
01500
11500
21500
31500
41500
51500
61500
71500
81500
91500
02500
12500
22500
32500
42500
52500
62500
72500
82500
92500
03500
13500
23500
33500
43500
53500
63500
73500
83500
93500
04500
14500
24500
34500
44500
54500
64500
74500
84500
94500
05500
15500
25500
35500
45500
55500
65500
75500
85500
95500
06500
16500
26500
36500
46500
56500
66500
76500
86500
96500
07500
17500
27500
37500
47500
57500
67500
77500
87500
97500
08500
18500
28500
38500
48500
58500
68500
78500
88500
98500
09500
19500
29500
39500
49500
59500
69500
79500
89500
99500
00600
10600
20600
30600
40600
50600
60600
70600
80600
90600
01600
11600
21600
31600
41600
51600
61600
71600
81600
91600
02600
12600
22600
32600
42600
52600
62600
72600
82600
92600
03600
13600
23600
33600
43600
53600
63600
73600
83600
93600
04600
14600
24600
34600
44600
54600
64600
74600
84600
94600
05600
15600
25600
35600
45600
55600
65600
75600
85600
95600
06600
16600
26600
36600
46600
56600
66600
76600
86600
96600
07600
17600
27600
37600
47600
57600
67600
77600
87600
97600
08600
18600
28600
38600
48600
58600
68600
78600
88600
98600
09600
19600
29600
39600
49600
59600
69600
79600
89600
99600
00700
10700
20700
30700
40700
50700
60700
70700
80700
90700
01700
11700
21700
31700
41700
51700
61700
71700
81700
91700
02700
12700
22700
32700
42700
52700
62700
72700
82700
92700
03700
13700
23700
33700
43700
53700
63700
73700
83700
93700
04700
14700
24700
34700
44700
54700
64700
74700
84700
94700
05700
15700
25700
35700
45700
55700
65700
75700
85700
95700
06700
16700
26700
36700
46700
56700
66700
76700
86700
96700
07700
17700
27700
37700
47700
57700
67700
77700
87700
97700
08700
18700
28700
38700
48700
58700
68700
78700
88700
98700
09700
19700
29700
39700
49700
59700
69700
79700
89700
99700
00800
10800
20800
30800
40800
50800
60800
70800
80800
90800
01800
11800
21800
31800
41800
51800
61800
71800
81800
91800
02800
12800
22800
32800
42800
52800
62800
72800
82800
92800
03800
13800
23800
33800
43800
53800
63800
73800
83800
93800
04800
14800
24800
34800
44800
54800
64800
74800
84800
94800
05800
15800
25800
35800
45800
55800
65800
75800
85800
95800
06800
16800
26800
36800
46800
56800
66800
76800
86800
96800
07800
17800
27800
37800
47800
57800
67800
77800
87800
97800
08800
18800
28800
38800
48800
58800
68800
78800
88800
98800
09800
19800
29800
39800
49800
59800
69800
79800
89800
99800
00900
10900
20900
30900
40900
50900
60900
70900
80900
90900
01900
11900
21900
31900
41900
51900
61900
71900
81900
91900
02900
12900
22900
32900
42900
52900
62900
72900
82900
92900
03900
13900
23900
33900
43900
53900
63900
73900
83900
93900
04900
14900
24900
34900
44900
54900
64900
74900
84900
94900
05900
15900
25900
35900
45900
55900
65900
75900
85900
95900
06900
16900
26900
36900
46900
56900
66900
76900
86900
96900
07900
17900
27900
37900
47900
57900
67900
77900
87900
97900
08900
18900
28900
38900
48900
58900
68900
78900
88900
98900
09900
19900
29900
39900
49900
59900
69900
79900
89900
99900
00010
